octave:18> A
A =

   0.00000   0.00000   1.41421   0.00000   1.41421   0.00000   1.41421   0.00000   0.00000
   1.00000   1.00000   1.00000   0.00000   0.00000   0.00000   0.00000   0.00000   0.00000
   0.00000   0.00000   0.00000   1.00000   1.00000   1.00000   0.00000   0.00000   0.00000
   0.00000   0.00000   0.00000   0.00000   0.00000   0.00000   1.00000   1.00000   1.00000
   1.41421   0.00000   0.00000   0.00000   1.41421   0.00000   0.00000   0.00000   1.41421
   0.00000   0.00000   1.00000   0.00000   0.00000   1.00000   0.00000   0.00000   1.00000
   0.00000   1.00000   0.00000   0.00000   1.00000   0.00000   0.00000   1.00000   0.00000
   1.00000   0.00000   0.00000   1.00000   0.00000   0.00000   1.00000   0.00000   0.00000
   0.00000   0.00000   0.00000   0.00000   0.00000   1.41421   0.00000   1.41421   0.00000
   0.00000   1.41421   0.00000   1.41421   0.00000   0.00000   0.00000   0.00000   0.00000

octave:19> inv(A'*A)
ans =

   4.2250e-01  -3.9908e-02  -4.2592e-02  -9.5092e-02  -6.0000e-02   8.5092e-02   1.2592e-02   2.9908e-02  -2.0250e-01
  -7.7723e-02  -5.0899e+14   5.0899e+14   5.0899e+14  -1.0240e-02  -5.0899e+14  -5.0899e+14   5.0899e+14   6.1695e-02
  -3.7277e-02   5.0899e+14  -5.0899e+14  -5.0899e+14  -7.3801e-02   5.0899e+14   5.0899e+14  -5.0899e+14  -1.9195e-02
  -5.7902e-02   5.0899e+14  -5.0899e+14  -5.0899e+14  -3.4962e-02   5.0899e+14   5.0899e+14  -5.0899e+14   5.3305e-02
  -6.0000e-02  -3.2954e-02  -4.7046e-02  -7.0460e-03   2.6000e-01  -3.2954e-02  -7.2954e-02  -7.0460e-03  -6.0000e-02
   4.7277e-02  -5.0899e+14   5.0899e+14   5.0899e+14  -7.8931e-04  -5.0899e+14  -5.0899e+14   5.0899e+14  -6.3305e-02
  -1.0223e-02  -5.0899e+14   5.0899e+14   5.0899e+14  -5.6914e-02  -5.0899e+14  -5.0899e+14   5.0899e+14  -1.0805e-02
   5.1473e-02   5.0899e+14  -5.0899e+14  -5.0899e+14  -3.4629e-02   5.0899e+14   5.0899e+14  -5.0899e+14  -7.1695e-02
  -2.0250e-01   3.7193e-03   3.8781e-02   1.1128e-01  -6.0000e-02  -1.2128e-01  -6.8781e-02  -1.3719e-02   4.2250e-01

octave:20> inv(A'*A)*A'
ans =

  -0.12728   0.34000  -0.07000  -0.16000   0.22627  -0.16000  -0.07000   0.34000   0.16263  -0.19092
   0.01288   0.25000  -0.12500   0.06170  -0.03715   0.06170   0.31250  -0.18750  -0.01288   0.31036
   0.18536   0.18750   0.00000  -0.08170  -0.18424   0.23080  -0.12500   0.00000  -0.14874   0.02802
   0.02374  -0.12500   0.18750  -0.00920  -0.05595   0.05330  -0.18750   0.18750  -0.11212   0.20477
   0.19799  -0.14000   0.22000  -0.14000   0.19799  -0.14000   0.22000  -0.14000  -0.05657  -0.05657
   0.01288   0.06250   0.18750  -0.12580  -0.02378   0.18670  -0.06250   0.00000   0.27374  -0.10126
   0.20477  -0.06250  -0.12500   0.30170  -0.11023  -0.07330  -0.06250   0.25000  -0.01288  -0.10126
  -0.01288   0.00000  -0.06250   0.17830  -0.07757  -0.13420   0.12500   0.12500   0.24139  -0.02374
  -0.12728  -0.16000  -0.07000   0.34000   0.22627   0.34000  -0.07000  -0.16000  -0.19092   0.16263

