# Created by Octave 3.8.1, Wed Jan 20 21:25:44 2016 CET <carlarne@CAT-MacBookPro>
# name: A
# type: matrix
# rows: 12
# columns: 9
 0 0 1.414213562373095 0 1.414213562373095 0 1.414213562373095 0 0
 1 1 1 0 0 0 0 0 0
 0 0 0 1 1 1 0 0 0
 0 0 0 0 0 0 1 1 1
 1.414213562373095 0 0 0 1.414213562373095 0 0 0 1.414213562373095
 0 0 1 0 0 1 0 0 1
 0 1 0 0 1 0 0 1 0
 1 0 0 1 0 0 1 0 0
 0 0 0 0 0 1.414213562373095 0 1.414213562373095 0
 0 1.414213562373095 0 1.414213562373095 0 0 0 0 0
 0 0 0 1.414213562373095 0 0 0 1.414213562373095 0
 0 1.414213562373095 0 0 0 1.414213562373095 0 0 0


# name: B
# type: scalar
0


# name: ans
# type: matrix
# rows: 9
# columns: 9
 0.4222560975609757 -0.06554878048780491 -0.01524390243902439 -0.06554878048780491 -0.06097560975609756 0.05945121951219515 -0.01524390243902437 0.05945121951219514 -0.2027439024390245
 -0.06554878048780491 0.2327235772357724 -0.06554878048780494 -0.05894308943089436 -0.0121951219512195 -0.05894308943089434 0.05945121951219516 -0.01727642276422764 0.05945121951219514
 -0.01524390243902439 -0.06554878048780494 0.4222560975609758 0.05945121951219517 -0.06097560975609759 -0.06554878048780491 -0.2027439024390245 0.05945121951219515 -0.01524390243902437
 -0.06554878048780491 -0.05894308943089436 0.05945121951219517 0.2327235772357724 -0.01219512195121951 -0.01727642276422763 -0.06554878048780492 -0.05894308943089436 0.05945121951219516
 -0.06097560975609756 -0.0121951219512195 -0.06097560975609759 -0.01219512195121951 0.2560975609756097 -0.01219512195121951 -0.06097560975609755 -0.01219512195121951 -0.06097560975609756
 0.05945121951219515 -0.05894308943089434 -0.06554878048780491 -0.01727642276422763 -0.01219512195121951 0.2327235772357724 0.05945121951219515 -0.05894308943089436 -0.06554878048780491
 -0.01524390243902437 0.05945121951219516 -0.2027439024390245 -0.06554878048780492 -0.06097560975609755 0.05945121951219515 0.4222560975609757 -0.06554878048780491 -0.01524390243902439
 0.05945121951219514 -0.01727642276422764 0.05945121951219515 -0.05894308943089436 -0.01219512195121951 -0.05894308943089436 -0.06554878048780491 0.2327235772357724 -0.06554878048780489
 -0.2027439024390245 0.05945121951219514 -0.01524390243902437 0.05945121951219516 -0.06097560975609756 -0.06554878048780491 -0.01524390243902439 -0.06554878048780489 0.4222560975609757


